10.779001236 -0.057745457 0.000000000 0.000000000 0.000000000 -0.107856765 0.000000000
27.896034241 -2.599658251 0.000000000 0.000000000 0.000000000 -0.334531158 0.000000000
28.853767395 -2.994717121 0.000000000 0.000000000 0.000000000 -0.792157114 0.000000000
29.631708145 -4.093469620 0.000000000 0.000000000 0.000000000 -1.288847923 0.000000000
29.660079956 -5.396675110 0.000000000 0.000000000 0.000000000 -2.588466883 0.000000000
28.716073990 -6.089229584 0.000000000 0.000000000 0.000000000 -2.897238731 0.000000000
27.594711304 -6.041101456 0.000000000 0.000000000 0.000000000 3.117026329 0.000000000
14.606948853 -5.163185120 0.000000000 0.000000000 0.000000000 3.104375124 0.000000000
4.975199699 -4.257712364 0.000000000 0.000000000 0.000000000 -3.128507137 0.000000000
0.615262032 -3.838085651 0.000000000 0.000000000 0.000000000 3.114673376 0.000000000
