2.941657066 0.061470032 0.000000000 0.000000000 0.000000000 -0.045167211 0.000000000
10.960628510 -0.310228348 0.000000000 0.000000000 0.000000000 -0.135742769 0.000000000
27.918622971 -2.656503201 0.000000000 0.000000000 0.000000000 -0.453259736 0.000000000
29.103626251 -3.145666599 0.000000000 0.000000000 0.000000000 -0.850692332 0.000000000
29.940322876 -4.205114365 0.000000000 0.000000000 0.000000000 -1.543222070 0.000000000
29.965522766 -5.269761086 0.000000000 0.000000000 0.000000000 -2.511882544 0.000000000
29.343772888 -5.910914421 0.000000000 0.000000000 0.000000000 -2.825542450 0.000000000
27.596080780 -6.107111931 0.000000000 0.000000000 0.000000000 3.123611450 0.000000000
13.740982056 -5.223571301 0.000000000 0.000000000 0.000000000 3.101696491 0.000000000
2.239036560 -3.983865976 0.000000000 0.000000000 0.000000000 3.069343805 0.000000000
