0.638309062 0.288439751 0.000000000 0.000000000 0.000000000 -0.136064366 0.000000000
4.467477322 -0.193347454 0.000000000 0.000000000 0.000000000 -0.152646497 0.000000000
8.362116814 -0.712187767 0.000000000 0.000000000 0.000000000 -0.110602878 0.000000000
11.019293785 -1.060590744 0.000000000 0.000000000 0.000000000 0.679020822 0.000000000
11.541239738 -0.714110136 0.000000000 0.000000000 0.000000000 0.939484477 0.000000000
12.111254692 -0.046119213 0.000000000 0.000000000 0.000000000 1.521979928 0.000000000
12.240040779 1.229328394 0.000000000 0.000000000 0.000000000 2.099228382 0.000000000
11.832493782 1.875655890 0.000000000 0.000000000 0.000000000 2.222634315 0.000000000
11.153512001 2.569015503 0.000000000 0.000000000 0.000000000 3.047208786 0.000000000
9.131371498 2.807166100 0.000000000 0.000000000 0.000000000 3.054929733 0.000000000
5.790606499 3.045391798 0.000000000 0.000000000 0.000000000 3.024950027 0.000000000
1.617378592 3.435641050 0.000000000 0.000000000 0.000000000 3.030996323 0.000000000
-0.539452672 3.813973665 0.000000000 0.000000000 0.000000000 2.644297600 0.000000000
-0.723340511 4.265909195 0.000000000 0.000000000 0.000000000 2.048793316 0.000000000
-1.066640973 4.947373390 0.000000000 0.000000000 0.000000000 1.403625131 0.000000000
-0.910525858 5.582785606 0.000000000 0.000000000 0.000000000 1.122033358 0.000000000
-0.742074072 6.138256073 0.000000000 0.000000000 0.000000000 0.684381306 0.000000000
0.106235564 6.851587296 0.000000000 0.000000000 0.000000000 -0.112671703 0.000000000
1.861894250 6.680372238 0.000000000 0.000000000 0.000000000 -0.134516940 0.000000000
5.505722523 6.307513714 0.000000000 0.000000000 0.000000000 -0.153987557 0.000000000
9.357124329 5.697155952 0.000000000 0.000000000 0.000000000 -0.174569577 0.000000000
12.107398987 5.197671890 0.000000000 0.000000000 0.000000000 0.413166255 0.000000000
12.711716652 5.570258141 0.000000000 0.000000000 0.000000000 0.842547178 0.000000000
13.347770691 5.869372368 0.000000000 0.000000000 0.000000000 1.429864526 0.000000000
13.436752319 7.226086617 0.000000000 0.000000000 0.000000000 2.251683712 0.000000000
12.788869858 8.061200142 0.000000000 0.000000000 0.000000000 2.402559280 0.000000000
12.122206688 8.818537712 0.000000000 0.000000000 0.000000000 2.998828650 0.000000000
9.934427261 9.068603516 0.000000000 0.000000000 0.000000000 3.028773546 0.000000000
6.269071102 9.633436203 0.000000000 0.000000000 0.000000000 3.020083904 0.000000000
2.455439091 10.006039619 0.000000000 0.000000000 0.000000000 2.995781183 0.000000000
0.194200695 10.301723480 0.000000000 0.000000000 0.000000000 -2.847195864 0.000000000
-0.526160121 9.909972191 0.000000000 0.000000000 0.000000000 -2.364824057 0.000000000
-0.977271318 9.006118774 0.000000000 0.000000000 0.000000000 -1.707112670 0.000000000
-1.901838303 1.427958846 0.000000000 0.000000000 0.000000000 -1.673133612 0.000000000
