1.795837879 0.357170582 0.000000000 0.000000000 0.000000000 0.198680446 0.000000000
1.795837879 0.357170582 0.000000000 0.000000000 0.000000000 0.198680446 0.000000000
4.768354416 -0.311285675 0.000000000 0.000000000 0.000000000 0.035287570 0.000000000
4.768354416 -0.311285675 0.000000000 0.000000000 0.000000000 0.035287570 0.000000000
4.639631271 3.816191196 0.000000000 0.000000000 0.000000000 -3.124952316 0.000000000
4.639631271 3.816191196 0.000000000 0.000000000 0.000000000 -3.124952316 0.000000000
-2.492957115 4.217236519 0.000000000 0.000000000 0.000000000 -1.603464246 0.000000000
-2.492957115 4.217236519 0.000000000 0.000000000 0.000000000 -1.603464246 0.000000000
-2.463594913 -2.305525541 0.000000000 0.000000000 0.000000000 0.004095953 0.000000000
-2.463594913 -2.305525541 0.000000000 0.000000000 0.000000000 0.004095953 0.000000000
4.967215061 -2.428295135 0.000000000 0.000000000 0.000000000 1.502730846 0.000000000
4.967215061 -2.428295135 0.000000000 0.000000000 0.000000000 1.502730846 0.000000000
