0.599189281 -0.207066655 0.000000000 0.000000000 0.000000000 0.118264787 0.000000000
5.317726612 0.151172757 0.000000000 0.000000000 0.000000000 1.740165353 0.000000000
4.625586987 2.162268877 0.000000000 0.000000000 0.000000000 -3.003006220 0.000000000
-1.254964352 1.795288086 0.000000000 0.000000000 0.000000000 1.750884891 0.000000000
-1.310276985 3.318477154 0.000000000 0.000000000 0.000000000 0.185017303 0.000000000
4.294952869 4.378395081 0.000000000 0.000000000 0.000000000 1.782907724 0.000000000
3.634316921 6.561479568 0.000000000 0.000000000 0.000000000 0.949444890 0.000000000
3.774867535 6.587177753 0.000000000 0.000000000 0.000000000 -2.942149639 0.000000000
-2.047428608 5.498345375 0.000000000 0.000000000 0.000000000 -1.413161874 0.000000000
-1.044200420 0.267416000 0.000000000 0.000000000 0.000000000 -1.395865321 0.000000000
