1.597999811 -0.078725681 0.000000000 0.000000000 0.000000000 0.000763666 0.000000000
1.597999811 -0.078725681 0.000000000 0.000000000 0.000000000 0.000763666 0.000000000
1.597999811 -0.078725681 0.000000000 0.000000000 0.000000000 0.000763666 0.000000000
1.597999811 -0.078725681 0.000000000 0.000000000 0.000000000 0.000763666 0.000000000
6.499967575 -0.064022779 0.000000000 0.000000000 0.000000000 1.560505629 0.000000000
6.499967575 -0.064022779 0.000000000 0.000000000 0.000000000 1.560505629 0.000000000
6.499967575 -0.064022779 0.000000000 0.000000000 0.000000000 1.560505629 0.000000000
6.511870384 1.963101506 0.000000000 0.000000000 0.000000000 -3.107882977 0.000000000
6.511870384 1.963101506 0.000000000 0.000000000 0.000000000 -3.107882977 0.000000000
6.511870384 1.963101506 0.000000000 0.000000000 0.000000000 -3.107882977 0.000000000
0.344110250 1.946943879 0.000000000 0.000000000 0.000000000 1.575562239 0.000000000
0.344110250 1.946943879 0.000000000 0.000000000 0.000000000 1.575562239 0.000000000
0.344110250 1.946943879 0.000000000 0.000000000 0.000000000 1.575562239 0.000000000
0.478318453 3.636110783 0.000000000 0.000000000 0.000000000 0.066804565 0.000000000
6.203205109 3.835886955 0.000000000 0.000000000 0.000000000 1.563248634 0.000000000
6.203205109 3.835886955 0.000000000 0.000000000 0.000000000 1.563248634 0.000000000
6.203205109 3.835886955 0.000000000 0.000000000 0.000000000 1.563248634 0.000000000
6.193723202 6.057012081 0.000000000 0.000000000 0.000000000 -3.122078896 0.000000000
0.072954059 5.647243500 0.000000000 0.000000000 0.000000000 -1.536229610 0.000000000
0.072954059 5.647243500 0.000000000 0.000000000 0.000000000 -1.536229610 0.000000000
0.072954059 5.647243500 0.000000000 0.000000000 0.000000000 -1.536229610 0.000000000
0.386892676 0.005803313 0.000000000 0.000000000 0.000000000 0.020856263 0.000000000
