4.704320908 -0.196940422 0.000000000 0.000000000 0.000000000 -0.035902131 0.000000000
16.485385895 -0.594716787 0.000000000 0.000000000 0.000000000 -0.051230852 0.000000000
26.173091888 -0.669238806 0.000000000 0.000000000 0.000000000 -0.002402275 0.000000000
28.321456909 -0.739675522 0.000000000 0.000000000 0.000000000 -0.218106344 0.000000000
29.368713379 -1.028164625 0.000000000 0.000000000 0.000000000 -1.022604704 0.000000000
29.894495010 -1.673575521 0.000000000 0.000000000 0.000000000 -1.435038805 0.000000000
30.109329224 -2.822978973 0.000000000 0.000000000 0.000000000 -1.587169647 0.000000000
29.574134827 -4.088979721 0.000000000 0.000000000 0.000000000 -2.338291168 0.000000000
29.101406097 -4.529475212 0.000000000 0.000000000 0.000000000 -3.057578564 0.000000000
27.661708832 -4.730370522 0.000000000 0.000000000 0.000000000 3.091512442 0.000000000
21.762794495 -4.667236328 0.000000000 0.000000000 0.000000000 3.128350973 0.000000000
14.664090157 -4.477881432 0.000000000 0.000000000 0.000000000 3.089475632 0.000000000
8.444850922 -4.544275284 0.000000000 0.000000000 0.000000000 3.040279150 0.000000000
2.108383179 -4.191518784 0.000000000 0.000000000 0.000000000 3.101854801 0.000000000
