0.839045048 2.592644691 0.000000000 0.000000000 0.000000000 -1.593674779 0.000000000
0.839045048 2.592644691 0.000000000 0.000000000 0.000000000 -1.593674779 0.000000000
4.376859188 0.073576927 0.000000000 0.000000000 0.000000000 0.009882175 0.000000000
0.839045048 2.592644691 0.000000000 0.000000000 0.000000000 -1.593674779 0.000000000
4.376859188 0.073576927 0.000000000 0.000000000 0.000000000 0.009882175 0.000000000
6.801256657 2.741780758 0.000000000 0.000000000 0.000000000 1.054650545 0.000000000
0.839045048 2.592644691 0.000000000 0.000000000 0.000000000 -1.593674779 0.000000000
4.376859188 0.073576927 0.000000000 0.000000000 0.000000000 0.009882175 0.000000000
6.801256657 2.741780758 0.000000000 0.000000000 0.000000000 1.054650545 0.000000000
6.961557865 5.613606453 0.000000000 0.000000000 0.000000000 1.999059916 0.000000000
