2.191471100 -0.084528208 0.000000000 0.000000000 0.000000000 -0.013612526 0.000000000
9.154195786 -0.342827201 0.000000000 0.000000000 0.000000000 0.700231254 0.000000000
10.107782364 0.481701255 0.000000000 0.000000000 0.000000000 1.589536309 0.000000000
10.155113220 1.942349911 0.000000000 0.000000000 0.000000000 2.730925560 0.000000000
8.953002930 2.699149847 0.000000000 0.000000000 0.000000000 3.075081825 0.000000000
2.108478546 3.121779442 0.000000000 0.000000000 0.000000000 3.044406414 0.000000000
1.060060501 3.233064175 0.000000000 0.000000000 0.000000000 2.173410416 0.000000000
0.566207886 4.029287815 0.000000000 0.000000000 0.000000000 1.585514426 0.000000000
0.642396927 5.278103828 0.000000000 0.000000000 0.000000000 0.667645574 0.000000000
1.949884415 5.967176437 0.000000000 0.000000000 0.000000000 -0.090483606 0.000000000
9.153989792 5.904070854 0.000000000 0.000000000 0.000000000 0.933305442 0.000000000
9.665367126 6.584351063 0.000000000 0.000000000 0.000000000 1.260244489 0.000000000
9.843469620 7.872006416 0.000000000 0.000000000 0.000000000 2.464593887 0.000000000
8.076620102 9.119415283 0.000000000 0.000000000 0.000000000 3.137192011 0.000000000
2.087757111 9.225311279 0.000000000 0.000000000 0.000000000 -2.778247118 0.000000000
0.487724304 8.471085548 0.000000000 0.000000000 0.000000000 -1.625074267 0.000000000
0.276849747 1.817366838 0.000000000 0.000000000 0.000000000 -1.561835647 0.000000000
0.823074341 -0.033698559 0.000000000 0.000000000 0.000000000 -0.063259833 0.000000000
