3.094017982 -1.282950878 0.000000000 0.000000000 0.000000000 0.017946305 0.000000000
14.184045792 -1.302664757 0.000000000 0.000000000 0.000000000 -0.017964339 0.000000000
24.976362228 -1.125360012 0.000000000 0.000000000 0.000000000 -0.062466923 0.000000000
26.099720001 -1.235046148 0.000000000 0.000000000 0.000000000 -0.691451609 0.000000000
27.148626328 -1.913097382 0.000000000 0.000000000 0.000000000 -1.342193007 0.000000000
27.828226089 -3.524486065 0.000000000 0.000000000 0.000000000 -2.075830221 0.000000000
27.137060165 -5.070208073 0.000000000 0.000000000 0.000000000 -2.821874380 0.000000000
25.894599915 -5.300234318 0.000000000 0.000000000 0.000000000 -3.139463663 0.000000000
16.392862320 -5.287585258 0.000000000 0.000000000 0.000000000 3.079669952 0.000000000
5.586562157 -4.976697922 0.000000000 0.000000000 0.000000000 3.099630356 0.000000000
0.645084143 -4.612352371 0.000000000 0.000000000 0.000000000 -3.109165668 0.000000000
