4.887831688 -0.222302675 0.000000000 0.000000000 0.000000000 -0.048903491 0.000000000
15.924974442 -0.795818567 0.000000000 0.000000000 0.000000000 -0.059396043 0.000000000
23.183975220 -1.977706671 0.000000000 0.000000000 0.000000000 0.081652008 0.000000000
28.234134674 -1.944905519 0.000000000 0.000000000 0.000000000 -0.342581421 0.000000000
29.315330505 -2.744541645 0.000000000 0.000000000 0.000000000 -1.217636347 0.000000000
30.084726334 -4.347212791 0.000000000 0.000000000 0.000000000 -1.837770224 0.000000000
29.493534088 -5.964375973 0.000000000 0.000000000 0.000000000 -2.460214376 0.000000000
28.400337219 -6.602382183 0.000000000 0.000000000 0.000000000 3.045982838 0.000000000
20.115026474 -5.890339375 0.000000000 0.000000000 0.000000000 3.087065220 0.000000000
14.925425529 -5.452800751 0.000000000 0.000000000 0.000000000 3.031293631 0.000000000
1.436030388 -4.130751133 0.000000000 0.000000000 0.000000000 3.068057060 0.000000000
