2.412139893 -0.012908936 0.000000000 0.000000000 0.000000000 -0.023779145 0.000000000
9.748218536 -0.386593819 0.000000000 0.000000000 0.000000000 0.725687087 0.000000000
11.055065155 1.334127903 0.000000000 0.000000000 0.000000000 1.570869088 0.000000000
10.962966919 2.499635220 0.000000000 0.000000000 0.000000000 2.773272514 0.000000000
9.191654205 3.060385704 0.000000000 0.000000000 0.000000000 3.099287748 0.000000000
2.151401520 3.114247799 0.000000000 0.000000000 0.000000000 3.055542469 0.000000000
1.024215698 3.249340534 0.000000000 0.000000000 0.000000000 2.263119936 0.000000000
0.237663269 4.407188892 0.000000000 0.000000000 0.000000000 1.504682660 0.000000000
0.765396118 5.539072037 0.000000000 0.000000000 0.000000000 0.360972255 0.000000000
2.099277496 5.791184425 0.000000000 0.000000000 0.000000000 0.007167193 0.000000000
9.744716644 5.939098358 0.000000000 0.000000000 0.000000000 1.554823160 0.000000000
9.653789520 6.814304352 0.000000000 0.000000000 0.000000000 1.303257465 0.000000000
10.273876190 8.029853821 0.000000000 0.000000000 0.000000000 1.608352065 0.000000000
9.148342133 8.709522247 0.000000000 0.000000000 0.000000000 2.559604406 0.000000000
7.636631012 9.387060165 0.000000000 0.000000000 0.000000000 -3.132626057 0.000000000
1.480644226 9.331116676 0.000000000 0.000000000 0.000000000 -2.711168766 0.000000000
0.285552979 8.502356529 0.000000000 0.000000000 0.000000000 -1.996194005 0.000000000
0.518558502 8.291130066 0.000000000 0.000000000 0.000000000 -2.083033323 0.000000000
-0.178909302 7.311075211 0.000000000 0.000000000 0.000000000 -1.566865087 0.000000000
0.238059998 0.064353704 0.000000000 0.000000000 0.000000000 -0.184622958 0.000000000
1.547264099 0.034763575 0.000000000 0.000000000 0.000000000 -0.054460194 0.000000000
