0.841129780 0.210110664 0.000000000 0.000000000 0.000000000 -0.138369501 0.000000000
4.670561790 -0.263931274 0.000000000 0.000000000 0.000000000 -0.115855023 0.000000000
8.598606110 -0.777864456 0.000000000 0.000000000 0.000000000 -0.150151223 0.000000000
10.621541977 -0.995502949 0.000000000 0.000000000 0.000000000 0.372107297 0.000000000
11.708963394 -0.004081488 0.000000000 0.000000000 0.000000000 1.413130045 0.000000000
11.894062042 0.934463739 0.000000000 0.000000000 0.000000000 1.966395140 0.000000000
11.549975395 2.010967493 0.000000000 0.000000000 0.000000000 2.505258322 0.000000000
11.070892334 2.591344357 0.000000000 0.000000000 0.000000000 3.038452387 0.000000000
9.356759071 2.737513065 0.000000000 0.000000000 0.000000000 3.033760548 0.000000000
6.072402000 3.111171246 0.000000000 0.000000000 0.000000000 3.050889492 0.000000000
2.004715919 3.589921474 0.000000000 0.000000000 0.000000000 3.032190561 0.000000000
-0.171702087 3.770020008 0.000000000 0.000000000 0.000000000 2.369643927 0.000000000
-0.533469081 4.496070385 0.000000000 0.000000000 0.000000000 2.002984524 0.000000000
-0.691799283 4.950051308 0.000000000 0.000000000 0.000000000 1.404984713 0.000000000
-0.532968223 5.846634388 0.000000000 0.000000000 0.000000000 1.017193198 0.000000000
-0.138692319 6.487007141 0.000000000 0.000000000 0.000000000 0.523512602 0.000000000
0.583276629 6.838817120 0.000000000 0.000000000 0.000000000 -0.156121209 0.000000000
5.125187874 6.282186985 0.000000000 0.000000000 0.000000000 -0.158187613 0.000000000
9.455060959 5.652180195 0.000000000 0.000000000 0.000000000 -0.190288275 0.000000000
11.966858864 5.274744034 0.000000000 0.000000000 0.000000000 0.334312201 0.000000000
13.254851341 5.905499935 0.000000000 0.000000000 0.000000000 1.565906763 0.000000000
13.124576569 7.222689629 0.000000000 0.000000000 0.000000000 1.906155825 0.000000000
12.545582771 7.874903202 0.000000000 0.000000000 0.000000000 2.412817001 0.000000000
11.537101746 8.817055702 0.000000000 0.000000000 0.000000000 2.992870331 0.000000000
6.210317612 9.534118652 0.000000000 0.000000000 0.000000000 3.023590088 0.000000000
2.592121363 9.981254578 0.000000000 0.000000000 0.000000000 3.050694227 0.000000000
0.982856274 10.223892212 0.000000000 0.000000000 0.000000000 -2.743218899 0.000000000
0.289310545 9.799779892 0.000000000 0.000000000 0.000000000 -2.282336950 0.000000000
-0.234970033 8.877450943 0.000000000 0.000000000 0.000000000 -1.691008091 0.000000000
-1.191667318 0.602327108 0.000000000 0.000000000 0.000000000 -0.181471556 0.000000000
