3.957089424 -2.972854137 0.000000000 0.000000000 0.000000000 0.022784784 0.000000000
3.957089424 -2.972854137 0.000000000 0.000000000 0.000000000 0.022784784 0.000000000
3.957089424 -2.972854137 0.000000000 0.000000000 0.000000000 0.022784784 0.000000000
3.957089424 -2.972854137 0.000000000 0.000000000 0.000000000 0.022784784 0.000000000
8.354923248 -2.444380283 0.000000000 0.000000000 0.000000000 1.675352335 0.000000000
8.433288574 -0.188832313 0.000000000 0.000000000 0.000000000 -3.048431873 0.000000000
2.438354492 -0.885105789 0.000000000 0.000000000 0.000000000 1.562253714 0.000000000
2.583479404 1.702929258 0.000000000 0.000000000 0.000000000 0.063950479 0.000000000
8.049289703 2.344525814 0.000000000 0.000000000 0.000000000 1.667319655 0.000000000
7.104231834 4.988250732 0.000000000 0.000000000 0.000000000 -2.955375195 0.000000000
2.059396267 3.977674246 0.000000000 0.000000000 0.000000000 -1.376348257 0.000000000
2.518060207 -2.242256165 0.000000000 0.000000000 0.000000000 -1.457796097 0.000000000
