0.805630147 0.184511185 0.000000000 0.000000000 0.000000000 -0.097018369 0.000000000
4.388790131 -0.289149284 0.000000000 0.000000000 0.000000000 -0.091641836 0.000000000
11.570076942 -1.182435274 0.000000000 0.000000000 0.000000000 1.494185925 0.000000000
11.946662903 2.397036791 0.000000000 0.000000000 0.000000000 3.026132107 0.000000000
-0.917383909 3.843254328 0.000000000 0.000000000 0.000000000 1.586706996 0.000000000
-0.808784246 6.993746758 0.000000000 0.000000000 0.000000000 -0.100066535 0.000000000
12.126609802 5.227981091 0.000000000 0.000000000 0.000000000 1.518170238 0.000000000
12.043318748 8.649570465 0.000000000 0.000000000 0.000000000 2.945836306 0.000000000
0.050897598 10.319036484 0.000000000 0.000000000 0.000000000 -1.687543273 0.000000000
-1.265650392 1.046208620 0.000000000 0.000000000 0.000000000 -0.176487803 0.000000000
