1.376690388 -1.177023768 0.000000000 0.000000000 0.000000000 -0.012351830 0.000000000
1.376690388 -1.177023768 0.000000000 0.000000000 0.000000000 -0.012351830 0.000000000
6.880024910 2.036370993 0.000000000 0.000000000 0.000000000 1.564696074 0.000000000
6.880024910 2.036370993 0.000000000 0.000000000 0.000000000 1.564696074 0.000000000
0.860261440 3.267990589 0.000000000 0.000000000 0.000000000 -3.117163658 0.000000000
0.860261440 3.267990589 0.000000000 0.000000000 0.000000000 -3.117163658 0.000000000
-1.872597694 2.350638390 0.000000000 0.000000000 0.000000000 -1.541590571 0.000000000
-1.872597694 2.350638390 0.000000000 0.000000000 0.000000000 -1.541590571 0.000000000
-2.203007221 -1.929356098 0.000000000 0.000000000 0.000000000 -0.018389419 0.000000000
-2.203007221 -1.929356098 0.000000000 0.000000000 0.000000000 -0.018389419 0.000000000
4.820585728 -1.044017553 0.000000000 0.000000000 0.000000000 1.583808303 0.000000000
4.820585728 -1.044017553 0.000000000 0.000000000 0.000000000 1.583808303 0.000000000
5.001029968 0.422018647 0.000000000 0.000000000 0.000000000 1.655523062 0.000000000
5.001029968 0.422018647 0.000000000 0.000000000 0.000000000 1.655523062 0.000000000
3.983075142 3.487911224 0.000000000 0.000000000 0.000000000 -3.019506454 0.000000000
3.983075142 3.487911224 0.000000000 0.000000000 0.000000000 -3.019506454 0.000000000
-1.292825222 2.221467972 0.000000000 0.000000000 0.000000000 -1.643948555 0.000000000
-1.292825222 2.221467972 0.000000000 0.000000000 0.000000000 -1.643948555 0.000000000
