3.723051071 0.083491802 0.000000000 0.000000000 0.000000000 0.152121872 0.000000000
13.948406219 1.717486382 0.000000000 0.000000000 0.000000000 0.152099624 0.000000000
23.708490372 2.979984522 0.000000000 0.000000000 0.000000000 0.150690332 0.000000000
27.037010193 3.483406305 0.000000000 0.000000000 0.000000000 0.158200130 0.000000000
28.122062683 3.610770702 0.000000000 0.000000000 0.000000000 -0.989670753 0.000000000
28.471364975 3.309092522 0.000000000 0.000000000 0.000000000 -1.223057985 0.000000000
29.149770737 2.099888563 0.000000000 0.000000000 0.000000000 -1.709948540 0.000000000
28.759460449 0.659821033 0.000000000 0.000000000 0.000000000 -2.429710388 0.000000000
28.110115051 0.218106508 0.000000000 0.000000000 0.000000000 -3.008328199 0.000000000
25.033365250 -0.154177666 0.000000000 0.000000000 0.000000000 -2.993009090 0.000000000
15.270460129 -1.642377138 0.000000000 0.000000000 0.000000000 -3.009754181 0.000000000
4.572028160 -3.474982738 0.000000000 0.000000000 0.000000000 -2.924467564 0.000000000
