-16.058691025 2.420511246 0.000000000 0.000000000 0.000000000 -0.311520278 0.000000000
-12.599473953 1.275089264 0.000000000 0.000000000 0.000000000 -0.348064452 0.000000000
-9.015831947 0.161972523 0.000000000 0.000000000 0.000000000 -0.275930256 0.000000000
-6.559158325 -0.619411469 0.000000000 0.000000000 0.000000000 0.281078428 0.000000000
-5.412775040 -0.507765770 0.000000000 0.000000000 0.000000000 0.378237993 0.000000000
-4.915967941 -0.315331936 0.000000000 0.000000000 0.000000000 1.190498233 0.000000000
-4.689821243 0.925923824 0.000000000 0.000000000 0.000000000 1.745367408 0.000000000
-4.554275513 2.051725864 0.000000000 0.000000000 0.000000000 2.362820387 0.000000000
-5.968765259 2.879546165 0.000000000 0.000000000 0.000000000 2.903477430 0.000000000
-7.418257713 3.378380299 0.000000000 0.000000000 0.000000000 2.886453152 0.000000000
-10.713161469 4.168198586 0.000000000 0.000000000 0.000000000 2.882193804 0.000000000
-14.630970001 5.331183434 0.000000000 0.000000000 0.000000000 2.848366499 0.000000000
-17.177330017 6.119639397 0.000000000 0.000000000 0.000000000 2.402461052 0.000000000
-17.532136917 6.915797710 0.000000000 0.000000000 0.000000000 1.816530347 0.000000000
-17.363679886 7.179633617 0.000000000 0.000000000 0.000000000 1.223216534 0.000000000
-17.098381042 8.136230469 0.000000000 0.000000000 0.000000000 0.891454697 0.000000000
-16.641853333 8.552062988 0.000000000 0.000000000 0.000000000 0.378864646 0.000000000
-15.756229401 8.841795921 0.000000000 0.000000000 0.000000000 -0.263502181 0.000000000
-11.570836067 7.469339848 0.000000000 0.000000000 0.000000000 -0.247796148 0.000000000
-6.900755882 6.187116623 0.000000000 0.000000000 0.000000000 -0.320560902 0.000000000
-4.846511841 5.414601803 0.000000000 0.000000000 0.000000000 -0.327498287 0.000000000
-3.973457336 5.131188869 0.000000000 0.000000000 0.000000000 0.549147367 0.000000000
-3.607686996 5.216437817 0.000000000 0.000000000 0.000000000 0.758744717 0.000000000
-3.325120926 5.597457886 0.000000000 0.000000000 0.000000000 1.137856960 0.000000000
-2.935419083 6.525475502 0.000000000 0.000000000 0.000000000 1.116464376 0.000000000
-2.935914993 7.748411179 0.000000000 0.000000000 0.000000000 1.875866771 0.000000000
-3.251911163 8.566790581 0.000000000 0.000000000 0.000000000 2.847291946 0.000000000
-7.951234818 9.786304474 0.000000000 0.000000000 0.000000000 2.814509392 0.000000000
-12.404150009 11.468479156 0.000000000 0.000000000 0.000000000 2.941965818 0.000000000
-14.890185356 12.107677460 0.000000000 0.000000000 0.000000000 3.066363096 0.000000000
-15.946439743 12.017365456 0.000000000 0.000000000 0.000000000 -2.833165884 0.000000000
-17.063980103 11.449272156 0.000000000 0.000000000 0.000000000 -2.163245916 0.000000000
-17.317020416 10.879052162 0.000000000 0.000000000 0.000000000 -1.794330239 0.000000000
-19.070100784 3.354029894 0.000000000 0.000000000 0.000000000 -0.291673988 0.000000000
