0.435710430 0.374897480 0.000000000 0.000000000 0.000000000 -0.101625741 0.000000000
4.357471943 -0.000781536 0.000000000 0.000000000 0.000000000 -0.046889845 0.000000000
8.545618057 -0.272846460 0.000000000 0.000000000 0.000000000 -0.048824098 0.000000000
10.579147339 -0.465768337 0.000000000 0.000000000 0.000000000 0.531835079 0.000000000
11.368555069 0.354458332 0.000000000 0.000000000 0.000000000 0.685701430 0.000000000
11.566219330 0.841459990 0.000000000 0.000000000 0.000000000 1.551614642 0.000000000
11.786163330 1.598087311 0.000000000 0.000000000 0.000000000 2.490580797 0.000000000
11.099292755 2.321901560 0.000000000 0.000000000 0.000000000 2.890693188 0.000000000
10.354329109 2.774528503 0.000000000 0.000000000 0.000000000 3.089520216 0.000000000
5.668370247 3.125203609 0.000000000 0.000000000 0.000000000 3.069972277 0.000000000
0.832587421 3.439956427 0.000000000 0.000000000 0.000000000 2.996224403 0.000000000
-0.403372645 3.887730122 0.000000000 0.000000000 0.000000000 2.290218592 0.000000000
