37.87167350 127.74646970
37.87167170 127.74645850
37.87166910 127.74644270
37.87166710 127.74643150
37.87166690 127.74641950
37.87165760 127.74640840
37.87164920 127.74639730
37.87164100 127.74637910
37.87163350 127.74636110
37.87162850 127.74635060
37.87162360 127.74636330
37.87161290 127.74636340
37.87161440 127.74634830
37.87161570 127.74633520
37.87163360 127.74633140
37.87163690 127.74632020
37.87163420 127.74630830
37.87163410 127.74629690
37.87162160 127.74628920
37.87163100 127.74630000
37.87162930 127.74631250
37.87161970 127.74630120
37.87161460 127.74629010
37.87160710 127.74627940
37.87160200 127.74626890
37.87159190 127.74626840
37.87160760 127.74628470
37.87160520 127.74627440
37.87161540 127.74626920
37.87161910 127.74625420
37.87162360 127.74624220
37.87162510 127.74623030
37.87162320 127.74621740
37.87161710 127.74620050
37.87161090 127.74618580
37.87159980 127.74617410
37.87160210 127.74618580
37.87159240 127.74617270
37.87160020 127.74616230
37.87160560 127.74615140
37.87160500 127.74614030
37.87160380 127.74615200
37.87160810 127.74616390
37.87160160 127.74615090
37.87159930 127.74613900
37.87158830 127.74613850
37.87158680 127.74615050
37.87158610 127.74616160
37.87157880 127.74617490
37.87156590 127.74618170
37.87155760 127.74619350
37.87155600 127.74620600
37.87155530 127.74621730
37.87154830 127.74623040
37.87154370 127.74624180
37.87153830 127.74625230
37.87154190 127.74626340
37.87154410 127.74627570
37.87154570 127.74628740
37.87155620 127.74628260
37.87156520 127.74627240
37.87156670 127.74626220
37.87157750 127.74625580
37.87158870 127.74625790
37.87159910 127.74625840
37.87161160 127.74626390
37.87162310 127.74626340
37.87163050 127.74625310
37.87163470 127.74624120
37.87164210 127.74622850
37.87163750 127.74621020
37.87163600 127.74619760
37.87163230 127.74618710
37.87162210 127.74617710
37.87161090 127.74616410
37.87160600 127.74615190
37.87160450 127.74613830
37.87160000 127.74612270
37.87158950 127.74611310
37.87158680 127.74610140
37.87157570 127.74610050
