0.50994987 0.03436583 0.00000000 0.00000000 0.00000000 -0.00802442 0.99996780
1.01931542 0.02864222 0.00000000 0.00000000 0.00000000 -0.00462064 0.99998932
1.52690527 0.02375542 0.00000000 0.00000000 0.00000000 -0.00487703 0.99998811
2.04480142 0.01918433 0.00000000 0.00000000 0.00000000 -0.00296129 0.99999562
2.54789666 0.01745766 0.00000000 0.00000000 0.00000000 -0.00074193 0.99999972
3.06228563 0.01460734 0.00000000 0.00000000 0.00000000 -0.01000152 0.99994998
3.57684059 0.00498528 0.00000000 0.00000000 0.00000000 -0.00832984 0.99996531
4.08361704 -0.00398843 0.00000000 0.00000000 0.00000000 -0.00775824 0.99996990
4.59549533 -0.01551209 0.00000000 0.00000000 0.00000000 -0.02746376 0.99962280
5.09525516 -0.04278025 0.00000000 0.00000000 0.00000000 -0.02691288 0.99963778
5.61231607 -0.06924772 0.00000000 0.00000000 0.00000000 -0.02432422 0.99970412
6.13506016 -0.09306635 0.00000000 0.00000000 0.00000000 -0.01741349 0.99984837
6.64503739 -0.00131126 0.00000000 0.00000000 0.00000000 0.20009996 0.97977549
7.09544433 0.23466975 0.00000000 0.00000000 0.00000000 0.32485883 0.94576252
7.42437694 0.62770738 0.00000000 0.00000000 0.00000000 0.51435848 0.85757528
7.56354660 1.11891507 0.00000000 0.00000000 0.00000000 0.68620673 0.72740658
7.48338018 1.62476895 0.00000000 0.00000000 0.00000000 0.82756859 0.56136461
7.20003902 2.04890597 0.00000000 0.00000000 0.00000000 0.92806469 0.37241904
6.75726048 2.31825126 0.00000000 0.00000000 0.00000000 0.98689801 0.16134532
6.24899660 2.39108597 0.00000000 0.00000000 0.00000000 0.99797738 0.06356998
5.74721707 2.49595268 0.00000000 0.00000000 0.00000000 0.99398957 0.10947482
5.23809616 2.61221454 0.00000000 0.00000000 0.00000000 0.99354843 0.11340862
4.72304453 2.73019878 0.00000000 0.00000000 0.00000000 0.99356046 0.11330317
4.21468285 2.84845528 0.00000000 0.00000000 0.00000000 0.99340520 0.11465645
3.72147674 2.96469417 0.00000000 0.00000000 0.00000000 0.99294104 0.11860902
3.23474682 3.08690843 0.00000000 0.00000000 0.00000000 0.99236151 0.12336384
2.72381755 3.21526817 0.00000000 0.00000000 0.00000000 0.99229003 0.12393745
2.23520931 3.34112159 0.00000000 0.00000000 0.00000000 0.99197841 0.12640741
1.74425226 3.47614205 0.00000000 0.00000000 0.00000000 0.98273076 0.18504120
1.30471923 3.75312310 0.00000000 0.00000000 0.00000000 0.92969782 0.36832319
1.00371000 4.17924601 0.00000000 0.00000000 0.00000000 0.83778273 0.54600375
0.89177617 4.68935497 0.00000000 0.00000000 0.00000000 0.71155644 0.70262894
1.11683866 5.16553054 0.00000000 0.00000000 0.00000000 0.38840103 0.92149044
1.51774053 5.47454990 0.00000000 0.00000000 0.00000000 0.27814211 0.96053993
1.97729992 5.67376896 0.00000000 0.00000000 0.00000000 0.09903206 0.99508424
2.47689074 5.77745766 0.00000000 0.00000000 0.00000000 0.09908475 0.99507900
2.99063010 5.87952784 0.00000000 0.00000000 0.00000000 0.09912504 0.99507499
3.51053144 5.98108405 0.00000000 0.00000000 0.00000000 0.09444751 0.99552984
4.02932211 6.08058483 0.00000000 0.00000000 0.00000000 0.09512078 0.99546574
4.53726381 6.17876209 0.00000000 0.00000000 0.00000000 0.09679088 0.99530474
5.05058595 6.28299554 0.00000000 0.00000000 0.00000000 0.10240271 0.99474303
5.55546295 6.38999539 0.00000000 0.00000000 0.00000000 0.10508944 0.99446277
6.06330789 6.49891978 0.00000000 0.00000000 0.00000000 0.10487965 0.99448492
6.57553016 6.60845069 0.00000000 0.00000000 0.00000000 0.10727500 0.99422939
7.05552464 6.75477860 0.00000000 0.00000000 0.00000000 0.20198340 0.97938894
7.39441867 7.15044335 0.00000000 0.00000000 0.00000000 0.55164108 0.83408160
7.41157636 7.65246459 0.00000000 0.00000000 0.00000000 0.77590532 0.63084938
7.26740952 8.14019407 0.00000000 0.00000000 0.00000000 0.85997569 0.51033500
6.91791901 8.52500396 0.00000000 0.00000000 0.00000000 0.98644560 0.16408865
6.42159349 8.68236934 0.00000000 0.00000000 0.00000000 0.99570991 0.09252987
5.91660191 8.68146565 0.00000000 -0.00000000 0.00000000 0.99672016 -0.08092536
5.40767053 8.59708328 0.00000000 -0.00000000 0.00000000 0.99672668 -0.08084501
4.89042512 8.51196973 0.00000000 -0.00000000 0.00000000 0.99670799 -0.08107517
4.38155419 8.42798749 0.00000000 -0.00000000 0.00000000 0.99659273 -0.08247990
3.87218407 8.34075347 0.00000000 -0.00000000 0.00000000 0.99614601 -0.08771044
3.36986610 8.25111219 0.00000000 -0.00000000 0.00000000 0.99608703 -0.08837778
2.85902344 8.17441893 0.00000000 -0.00000000 0.00000000 0.99992745 -0.01204563
2.35294524 8.19951340 0.00000000 -0.00000000 0.00000000 0.99974489 -0.02258674
1.85095539 8.06504302 0.00000000 -0.00000000 0.00000000 0.97486996 -0.22277468
1.43367560 7.75114258 0.00000000 -0.00000000 0.00000000 0.91258413 -0.40888899
1.17331461 7.31227374 0.00000000 -0.00000000 0.00000000 0.81658317 -0.57722779
1.09838206 6.80289063 0.00000000 -0.00000000 0.00000000 0.68884826 -0.72490557
1.05080712 6.29310829 0.00000000 -0.00000000 0.00000000 0.75939927 -0.65062490
0.98265079 5.79096746 0.00000000 -0.00000000 0.00000000 0.71799540 -0.69604784
0.96569816 5.27061707 0.00000000 -0.00000000 0.00000000 0.71784824 -0.69619961
0.94932224 4.74811494 0.00000000 -0.00000000 0.00000000 0.71901002 -0.69499970
0.93252299 4.24350421 0.00000000 -0.00000000 0.00000000 0.71812927 -0.69590973
0.91503877 3.73061376 0.00000000 -0.00000000 0.00000000 0.71858116 -0.69544311
0.96554792 3.22718404 0.00000000 -0.00000000 0.00000000 0.59979014 -0.80015735
1.19283561 2.78088126 0.00000000 -0.00000000 0.00000000 0.43916016 -0.89840879
1.58722353 2.44056301 0.00000000 -0.00000000 0.00000000 0.25410633 -0.96717629
2.08894197 2.27742302 0.00000000 -0.00000000 0.00000000 0.05501663 -0.99848544
