0.52206215 -0.00702726 0.00000000 0.00000000 0.00000000 -0.03879836 0.99924706
1.03957219 -0.04276842 0.00000000 0.00000000 0.00000000 -0.01994983 0.99980098
1.55215959 -0.06388489 0.00000000 0.00000000 0.00000000 -0.02173819 0.99976370
2.05898195 -0.08632299 0.00000000 0.00000000 0.00000000 -0.02359901 0.99972150
2.56720594 -0.10888305 0.00000000 0.00000000 0.00000000 -0.02199162 0.99975816
3.08169563 -0.13189199 0.00000000 0.00000000 0.00000000 -0.02293800 0.99973689
3.59595300 -0.15027182 0.00000000 0.00000000 0.00000000 -0.00541203 0.99998535
4.12013451 -0.15502608 0.00000000 0.00000000 0.00000000 -0.00422426 0.99999108
4.63209191 -0.15963735 0.00000000 0.00000000 0.00000000 -0.00219771 0.99999759
5.15295113 -0.16157585 0.00000000 0.00000000 0.00000000 -0.00280434 0.99999607
5.66649484 -0.09540648 0.00000000 0.00000000 0.00000000 0.18245350 0.98321448
6.08496281 0.19561722 0.00000000 0.00000000 0.00000000 0.41240298 0.91100153
6.31845295 0.64180558 0.00000000 0.00000000 0.00000000 0.61550295 0.78813458
6.32183768 1.15077143 0.00000000 0.00000000 0.00000000 0.78376162 0.62106177
6.09143318 1.59722056 0.00000000 0.00000000 0.00000000 0.91125522 0.41184211
5.67903782 1.88551316 0.00000000 0.00000000 0.00000000 0.98313373 0.18288814
5.18311979 2.01108930 0.00000000 0.00000000 0.00000000 0.99586351 0.09086181
4.66325932 2.10612730 0.00000000 0.00000000 0.00000000 0.99598530 0.08951698
4.14330755 2.20013104 0.00000000 0.00000000 0.00000000 0.99593595 0.09006436
3.65913066 2.37305927 0.00000000 0.00000000 0.00000000 0.98438367 0.17603633
3.18130219 2.54878628 0.00000000 0.00000000 0.00000000 0.98450609 0.17535037
2.70167046 2.72780828 0.00000000 0.00000000 0.00000000 0.98332778 0.18184188
2.20681903 2.91773166 0.00000000 0.00000000 0.00000000 0.98339325 0.18148751
1.77249351 3.18370718 0.00000000 0.00000000 0.00000000 0.92503456 0.37988295
1.50525465 3.61605005 0.00000000 0.00000000 0.00000000 0.80722349 0.59024591
1.47196303 4.11713768 0.00000000 0.00000000 0.00000000 0.64323468 0.76566908
1.66501237 4.60245431 0.00000000 0.00000000 0.00000000 0.45802620 0.88893869
2.04393488 4.93105985 0.00000000 0.00000000 0.00000000 0.23608884 0.97173148
2.53319717 5.04993075 0.00000000 0.00000000 0.00000000 -0.00378012 0.99999286
3.02284385 4.92826311 0.00000000 0.00000000 0.00000000 -0.23913195 0.97098708
3.50175577 4.73048561 0.00000000 0.00000000 0.00000000 -0.13891898 0.99030375
4.01651580 4.63727902 0.00000000 0.00000000 0.00000000 -0.09470733 0.99550516
4.52341374 4.54313899 0.00000000 0.00000000 0.00000000 -0.07955316 0.99683062
5.02345367 4.46370414 0.00000000 0.00000000 0.00000000 -0.07657348 0.99706394
5.52753910 4.38517021 0.00000000 0.00000000 0.00000000 -0.07755787 0.99698785
6.02425058 4.30598033 0.00000000 0.00000000 0.00000000 -0.07783891 0.99696595
6.52455562 4.31078166 0.00000000 0.00000000 0.00000000 0.12084713 0.99267113
6.98130253 4.55244590 0.00000000 0.00000000 0.00000000 0.35964687 0.93308849
7.26272644 4.97048317 0.00000000 0.00000000 0.00000000 0.57505579 0.81811420
7.31706583 5.47708030 0.00000000 0.00000000 0.00000000 0.75320993 0.65778021
7.12799663 5.95210054 0.00000000 0.00000000 0.00000000 0.88918094 0.45755574
6.71919233 6.29389540 0.00000000 0.00000000 0.00000000 0.97650225 0.21550721
6.20374301 6.40834688 0.00000000 0.00000000 0.00000000 0.99553170 0.09442794
5.71054212 6.55496611 0.00000000 0.00000000 0.00000000 0.98879665 0.14926880
5.20991817 6.70951721 0.00000000 0.00000000 0.00000000 0.98883595 0.14900824
4.70718390 6.86734737 0.00000000 0.00000000 0.00000000 0.98825368 0.15282233
4.23023751 7.01943113 0.00000000 0.00000000 0.00000000 0.98803381 0.15423743
3.74282995 7.17451110 0.00000000 0.00000000 0.00000000 0.98817171 0.15335145
3.25074126 7.33035844 0.00000000 0.00000000 0.00000000 0.99008745 0.14045227
2.75158121 7.36042157 0.00000000 -0.00000000 0.00000000 0.99603253 -0.08898984
2.26753119 7.13777580 0.00000000 -0.00000000 0.00000000 0.94163349 -0.33663982
1.94784153 6.74547658 0.00000000 -0.00000000 0.00000000 0.88326254 -0.46887876
1.66337912 6.32602330 0.00000000 -0.00000000 0.00000000 0.88336776 -0.46868049
1.36524683 5.88853948 0.00000000 -0.00000000 0.00000000 0.88460821 -0.46633498
1.06445862 5.45249924 0.00000000 -0.00000000 0.00000000 0.88639606 -0.46292768
0.76927884 5.02815226 0.00000000 -0.00000000 0.00000000 0.88775356 -0.46031904
0.37733667 4.67254401 0.00000000 -0.00000000 0.00000000 0.96732837 -0.25352678
-0.07863651 4.43032976 0.00000000 -0.00000000 0.00000000 0.94737779 -0.32011766
-0.42160084 4.01984442 0.00000000 -0.00000000 0.00000000 0.85203440 -0.52348580
-0.55116717 3.52672586 0.00000000 -0.00000000 0.00000000 0.72009707 -0.69387333
-0.45634564 3.01389888 0.00000000 -0.00000000 0.00000000 0.54921264 -0.83568264
-0.14112210 2.58353145 0.00000000 -0.00000000 0.00000000 0.34841581 -0.93734008
