37.87179620 127.74627430
37.87179150 127.74628430
37.87178380 127.74629620
37.87178000 127.74630910
37.87178380 127.74631980
37.87177100 127.74632710
37.87175940 127.74632680
37.87174850 127.74632400
37.87173770 127.74631620
37.87173280 127.74630470
37.87172200 127.74629780
37.87170990 127.74629080
37.87170700 127.74627940
37.87170280 127.74626680
37.87169580 127.74625560
37.87169030 127.74624470
37.87167630 127.74622720
37.87167150 127.74621400
37.87166690 127.74620280
37.87167350 127.74618960
37.87167120 127.74617750
37.87168300 127.74616410
37.87170900 127.74614230
37.87171970 127.74613490
37.87173010 127.74612660
37.87174330 127.74612030
37.87174220 127.74610790
37.87174130 127.74609770
37.87174470 127.74608690
37.87173230 127.74608150
37.87172170 127.74608070
37.87171140 127.74608720
37.87170920 127.74609720
37.87170890 127.74611150
37.87171390 127.74612700
37.87170270 127.74613440
37.87170070 127.74614550
37.87170090 127.74615560
37.87171300 127.74615680
37.87170980 127.74614570
37.87172370 127.74614170
37.87172620 127.74612300
37.87173550 127.74611260
37.87174500 127.74610250
37.87173350 127.74610140
37.87173020 127.74608820
37.87171520 127.74608690
37.87170500 127.74609470
37.87169210 127.74609360
