37.87154570 127.74597820
37.87153680 127.74596360
37.87153260 127.74595320
37.87152230 127.74595280
37.87151960 127.74592350
37.87151890 127.74593570
37.87152230 127.74594890
37.87152140 127.74596600
37.87151560 127.74597900
37.87150380 127.74598380
37.87150430 127.74599960
37.87150480 127.74601810
37.87150520 127.74603390
37.87150750 127.74605100
37.87151310 127.74607140
37.87151890 127.74608290
37.87152720 127.74610290
37.87153470 127.74611500
37.87154100 127.74612640
37.87154650 127.74613800
37.87154340 127.74615510
37.87154590 127.74616510
37.87154770 127.74617630
37.87155500 127.74618900
37.87156000 127.74620280
37.87155890 127.74621940
37.87156090 127.74623490
37.87156360 127.74624800
37.87156760 127.74626130
37.87157120 127.74627510
37.87157570 127.74629090
37.87157880 127.74630800
37.87152720 127.74610270
37.87152560 127.74606350
37.87152550 127.74607630
37.87153570 127.74608440
37.87154240 127.74607150
37.87154810 127.74605930
37.87155930 127.74605160
37.87156940 127.74604840
37.87158360 127.74604830
37.87159470 127.74604540
37.87160940 127.74604950
37.87162080 127.74605520
37.87163100 127.74606180
37.87164440 127.74607420
37.87165790 127.74608170
37.87166990 127.74609480
37.87167660 127.74610740
37.87168070 127.74611800
37.87169260 127.74613360
37.87169940 127.74614780
37.87170480 127.74615900
37.87171130 127.74617040
37.87171740 127.74618430
37.87172160 127.74620340
37.87172370 127.74621350
37.87173150 127.74622510
37.87174500 127.74622510
37.87174630 127.74623840
37.87174290 127.74625110
37.87175110 127.74626630
37.87175610 127.74627780
37.87176170 127.74628860
37.87176830 127.74630430
37.87177270 127.74631900
37.87176700 127.74633420
37.87176470 127.74634680
37.87176680 127.74635760
37.87176800 127.74636940
37.87177020 127.74638060
37.87177380 127.74639400
37.87178430 127.74639020
37.87179930 127.74638320
37.87180900 127.74637290
37.87179670 127.74636770
37.87178210 127.74635710
37.87177040 127.74635190
37.87175970 127.74634670
37.87175620 127.74633660
37.87175740 127.74632280
37.87175240 127.74631150
37.87175060 127.74630140
37.87174830 127.74628960
37.87173780 127.74628280
37.87172600 127.74627860
37.87171740 127.74626650
37.87171250 127.74627850
37.87170010 127.74627660
37.87171600 127.74628560
37.87172690 127.74629690
37.87174040 127.74630270
37.87174700 127.74629210
37.87175190 127.74627290
37.87175760 127.74625280
37.87176680 127.74624140
37.87177700 127.74621840
37.87178910 127.74620700
37.87179490 127.74619170
37.87180590 127.74618730
37.87181070 127.74619850
37.87181810 127.74620980
37.87182650 127.74622360
37.87182560 127.74623770
37.87182680 127.74624950
37.87183030 127.74626100
37.87183270 127.74627110
37.87183840 127.74628280
37.87184160 127.74629450
37.87185330 127.74629980
37.87186040 127.74631010
37.87185510 127.74632750
37.87184140 127.74634240
37.87183880 127.74635970
37.87183180 127.74637090
37.87183680 127.74638220
37.87183420 127.74639610
37.87183110 127.74640700
37.87183940 127.74642170
37.87184440 127.74643400
37.87184340 127.74641820
37.87183490 127.74640630
37.87182580 127.74638800
37.87181480 127.74638220
37.87180330 127.74637180
37.87179300 127.74637110
37.87178230 127.74637540
37.87178360 127.74638590
37.87178040 127.74639740
37.87177960 127.74641420
37.87177430 127.74642630
37.87176350 127.74642270
37.87174980 127.74642890
37.87174600 127.74643890
37.87175050 127.74642890
37.87174570 127.74641820
37.87174460 127.74640590
37.87174480 127.74641650
